   0.0000000e+00   0.0000000e+00   0.0000000e+00
   7.7500000e-01   1.0269702e-01   6.7599471e-04
   1.3950000e+00   2.7844396e-01   8.7345091e-04
   2.0150000e+00   4.1571953e-01   1.1208973e-03
   2.6350000e+00   5.4588182e-01   1.4286481e-03
   3.2550000e+00   6.6419449e-01   1.8084931e-03
   3.8750000e+00   7.6359723e-01   2.2737388e-03
   4.4950000e+00   8.4386860e-01   2.8392028e-03
   5.1150000e+00   9.0808872e-01   3.5211488e-03
   5.7350000e+00   9.5786920e-01   4.3371504e-03
   6.3550000e+00   9.9233047e-01   5.3058712e-03
   6.9750000e+00   1.0144638e+00   6.4467533e-03
   7.5950000e+00   1.0262109e+00   7.7796048e-03
   8.2150000e+00   1.0337019e+00   9.3240832e-03
   8.8350000e+00   1.0391355e+00   1.1099077e-02
   9.4550000e+00   1.0428803e+00   1.3121991e-02
   1.0075000e+01   1.0453558e+00   1.5407945e-02
   1.0695000e+01   1.0469143e+00   1.7968915e-02
   1.1315000e+01   1.0480733e+00   2.0812828e-02
   1.1935000e+01   1.0489944e+00   2.3942664e-02
   1.2555000e+01   1.0498121e+00   2.7355583e-02
   1.3175000e+01   1.0505113e+00   3.1042137e-02
   1.3795000e+01   1.0510102e+00   3.4985603e-02
   1.4415000e+01   1.0513859e+00   3.9161494e-02
   1.5035000e+01   1.0515183e+00   4.3537278e-02
   1.5655000e+01   1.0517174e+00   4.8072357e-02
   1.6275000e+01   1.0518798e+00   5.2718335e-02
   1.6895000e+01   1.0519059e+00   5.7419590e-02
   1.7515000e+01   1.0520611e+00   6.2114160e-02
   1.8135000e+01   1.0525543e+00   6.6734939e-02
   1.8755000e+01   1.0532225e+00   7.1211159e-02
   1.9375000e+01   1.0537087e+00   7.5470107e-02
   1.9995000e+01   1.0539957e+00   7.9439043e-02
   2.0615000e+01   1.0540580e+00   8.3047234e-02
   2.1235000e+01   1.0539087e+00   8.6228031e-02
   2.1855000e+01   1.0535182e+00   8.8920909e-02
   2.2475000e+01   1.0529715e+00   9.1073378e-02
   2.3095000e+01   1.0523842e+00   9.2642683e-02
   2.3715000e+01   1.0517568e+00   9.3597217e-02
   2.4335000e+01   1.0512911e+00   9.3917575e-02
